00111100000000010000000000000000
00110100001010000010000000000100
10001101000100010000000000000000
10001101000100100000000000000100
00000000000000001001100000100000
00100010001100010000000000000001
00010010001100100000000000000010
00000010011100011001100000100000
00001000000000000000000000000101
00000010011100101001100000100010
10101101000100110000000000001000
10001101000100110000000000001000
00001000000000000000000000001011
3c010000
34282004
8d110000
8d120004
00009820
22310001
12320002
02719820
08000005
02729822
ad130008
8d130008
0800000b
