111111111111111111111111111111111111
1000000000000000000000000000000000S1
101111111111111111111111101111111101
101100010001001000111011100000000001
101101010101011110111111111011011111
101101010101000000E00000011011000001
101101010101010111100111000011111101
101001010000010000110111111110000001
101101010111111110110001000011011111
101101000110000000111111111011000001
100000111110111111100000011011111101
111110000000000100101111011010000001
100000011111101111101000011011011111
101111110000001000000011111011000001
100000000111111011111111111011001101
111111110100000000000000000011111101
100000000001111111111111111000000001
111111111111111111111111111111111111
